10 10
10 15
10 20
10 25
10 30
10 40
10 50
10 75
10 100
10 200
10 400
15 10
15 15
15 20
15 25
15 30
15 40
15 50
15 75
15 100
15 200
15 400
20 10
20 15
20 20
20 25
20 30
20 40
20 50
20 75
20 100
20 200
20 400
25 10
25 15
25 20
25 25
25 30
25 40
25 50
25 75
25 100
25 200
25 400
30 10
30 15
30 20
30 25
30 30
30 40
30 50
30 75
30 100
30 200
30 400
40 10
40 15
40 20
40 25
40 30
40 40
40 50
40 75
40 100
40 200
40 400
50 10
50 15
50 20
50 25
50 30
50 40
50 50
50 75
50 100
50 200
50 400
75 10
75 15
75 20
75 25
75 30
75 40
75 50
75 75
75 100
75 200
75 400
100 10
100 15
100 20
100 25
100 30
100 40
100 50
100 75
100 100
100 200
100 400
200 10
200 15
200 20
200 25
200 30
200 40
200 50
200 75
200 100
200 200
200 400
400 10
400 15
400 20
400 25
400 30
400 40
400 50
400 75
400 100
400 200
400 400
