1 10 0 625
1 10 625 1250
1 10 1250 1875
1 10 1875 2500
1 10 2500 3125
1 10 3125 3750
1 10 3750 4375
1 10 4375 5000
1 10 5000 5625
1 10 5625 6250
1 10 6250 6875
1 10 6875 7500
1 10 7500 8125
1 10 8125 8750
1 10 8750 9375
1 10 9375 10000
1 15 0 625
1 15 625 1250
1 15 1250 1875
1 15 1875 2500
1 15 2500 3125
1 15 3125 3750
1 15 3750 4375
1 15 4375 5000
1 15 5000 5625
1 15 5625 6250
1 15 6250 6875
1 15 6875 7500
1 15 7500 8125
1 15 8125 8750
1 15 8750 9375
1 15 9375 10000
1 20 0 625
1 20 625 1250
1 20 1250 1875
1 20 1875 2500
1 20 2500 3125
1 20 3125 3750
1 20 3750 4375
1 20 4375 5000
1 20 5000 5625
1 20 5625 6250
1 20 6250 6875
1 20 6875 7500
1 20 7500 8125
1 20 8125 8750
1 20 8750 9375
1 20 9375 10000
1 25 0 625
1 25 625 1250
1 25 1250 1875
1 25 1875 2500
1 25 2500 3125
1 25 3125 3750
1 25 3750 4375
1 25 4375 5000
1 25 5000 5625
1 25 5625 6250
1 25 6250 6875
1 25 6875 7500
1 25 7500 8125
1 25 8125 8750
1 25 8750 9375
1 25 9375 10000
1 30 0 625
1 30 625 1250
1 30 1250 1875
1 30 1875 2500
1 30 2500 3125
1 30 3125 3750
1 30 3750 4375
1 30 4375 5000
1 30 5000 5625
1 30 5625 6250
1 30 6250 6875
1 30 6875 7500
1 30 7500 8125
1 30 8125 8750
1 30 8750 9375
1 30 9375 10000
