1 100 0 625
1 100 625 1250
1 100 1250 1875
1 100 1875 2500
1 100 2500 3125
1 100 3125 3750
1 100 3750 4375
1 100 4375 5000
1 100 5000 5625
1 100 5625 6250
1 100 6250 6875
1 100 6875 7500
1 100 7500 8125
1 100 8125 8750
1 100 8750 9375
1 100 9375 10000
1 150 0 625
1 150 625 1250
1 150 1250 1875
1 150 1875 2500
1 150 2500 3125
1 150 3125 3750
1 150 3750 4375
1 150 4375 5000
1 150 5000 5625
1 150 5625 6250
1 150 6250 6875
1 150 6875 7500
1 150 7500 8125
1 150 8125 8750
1 150 8750 9375
1 150 9375 10000
1 200 0 625
1 200 625 1250
1 200 1250 1875
1 200 1875 2500
1 200 2500 3125
1 200 3125 3750
1 200 3750 4375
1 200 4375 5000
1 200 5000 5625
1 200 5625 6250
1 200 6250 6875
1 200 6875 7500
1 200 7500 8125
1 200 8125 8750
1 200 8750 9375
1 200 9375 10000
1 500 0 625
1 500 625 1250
1 500 1250 1875
1 500 1875 2500
1 500 2500 3125
1 500 3125 3750
1 500 3750 4375
1 500 4375 5000
1 500 5000 5625
1 500 5625 6250
1 500 6250 6875
1 500 6875 7500
1 500 7500 8125
1 500 8125 8750
1 500 8750 9375
1 500 9375 10000
1 700 0 625
1 700 625 1250
1 700 1250 1875
1 700 1875 2500
1 700 2500 3125
1 700 3125 3750
1 700 3750 4375
1 700 4375 5000
1 700 5000 5625
1 700 5625 6250
1 700 6250 6875
1 700 6875 7500
1 700 7500 8125
1 700 8125 8750
1 700 8750 9375
1 700 9375 10000
1 1000 0 625
1 1000 625 1250
1 1000 1250 1875
1 1000 1875 2500
1 1000 2500 3125
1 1000 3125 3750
1 1000 3750 4375
1 1000 4375 5000
1 1000 5000 5625
1 1000 5625 6250
1 1000 6250 6875
1 1000 6875 7500
1 1000 7500 8125
1 1000 8125 8750
1 1000 8750 9375
1 1000 9375 10000
1 1500 0 625
1 1500 625 1250
1 1500 1250 1875
1 1500 1875 2500
1 1500 2500 3125
1 1500 3125 3750
1 1500 3750 4375
1 1500 4375 5000
1 1500 5000 5625
1 1500 5625 6250
1 1500 6250 6875
1 1500 6875 7500
1 1500 7500 8125
1 1500 8125 8750
1 1500 8750 9375
1 1500 9375 10000
1 2000 0 625
1 2000 625 1250
1 2000 1250 1875
1 2000 1875 2500
1 2000 2500 3125
1 2000 3125 3750
1 2000 3750 4375
1 2000 4375 5000
1 2000 5000 5625
1 2000 5625 6250
1 2000 6250 6875
1 2000 6875 7500
1 2000 7500 8125
1 2000 8125 8750
1 2000 8750 9375
1 2000 9375 10000
1 5000 0 625
1 5000 625 1250
1 5000 1250 1875
1 5000 1875 2500
1 5000 2500 3125
1 5000 3125 3750
1 5000 3750 4375
1 5000 4375 5000
1 5000 5000 5625
1 5000 5625 6250
1 5000 6250 6875
1 5000 6875 7500
1 5000 7500 8125
1 5000 8125 8750
1 5000 8750 9375
1 5000 9375 10000
1 8000 0 625
1 8000 625 1250
1 8000 1250 1875
1 8000 1875 2500
1 8000 2500 3125
1 8000 3125 3750
1 8000 3750 4375
1 8000 4375 5000
1 8000 5000 5625
1 8000 5625 6250
1 8000 6250 6875
1 8000 6875 7500
1 8000 7500 8125
1 8000 8125 8750
1 8000 8750 9375
1 8000 9375 10000
1 50 0 625
1 50 625 1250
1 50 1250 1875
1 50 1875 2500
1 50 2500 3125
1 50 3125 3750
1 50 3750 4375
1 50 4375 5000
1 50 5000 5625
1 50 5625 6250
1 50 6250 6875
1 50 6875 7500
1 50 7500 8125
1 50 8125 8750
1 50 8750 9375
1 50 9375 10000
1 75 0 625
1 75 625 1250
1 75 1250 1875
1 75 1875 2500
1 75 2500 3125
1 75 3125 3750
1 75 3750 4375
1 75 4375 5000
1 75 5000 5625
1 75 5625 6250
1 75 6250 6875
1 75 6875 7500
1 75 7500 8125
1 75 8125 8750
1 75 8750 9375
1 75 9375 10000
1 300 0 625
1 300 625 1250
1 300 1250 1875
1 300 1875 2500
1 300 2500 3125
1 300 3125 3750
1 300 3750 4375
1 300 4375 5000
1 300 5000 5625
1 300 5625 6250
1 300 6250 6875
1 300 6875 7500
1 300 7500 8125
1 300 8125 8750
1 300 8750 9375
1 300 9375 10000
1 400 0 625
1 400 625 1250
1 400 1250 1875
1 400 1875 2500
1 400 2500 3125
1 400 3125 3750
1 400 3750 4375
1 400 4375 5000
1 400 5000 5625
1 400 5625 6250
1 400 6250 6875
1 400 6875 7500
1 400 7500 8125
1 400 8125 8750
1 400 8750 9375
1 400 9375 10000
1 3000 0 625
1 3000 625 1250
1 3000 1250 1875
1 3000 1875 2500
1 3000 2500 3125
1 3000 3125 3750
1 3000 3750 4375
1 3000 4375 5000
1 3000 5000 5625
1 3000 5625 6250
1 3000 6250 6875
1 3000 6875 7500
1 3000 7500 8125
1 3000 8125 8750
1 3000 8750 9375
1 3000 9375 10000
1 4000 0 625
1 4000 625 1250
1 4000 1250 1875
1 4000 1875 2500
1 4000 2500 3125
1 4000 3125 3750
1 4000 3750 4375
1 4000 4375 5000
1 4000 5000 5625
1 4000 5625 6250
1 4000 6250 6875
1 4000 6875 7500
1 4000 7500 8125
1 4000 8125 8750
1 4000 8750 9375
1 4000 9375 10000
1 10 0 625
1 10 625 1250
1 10 1250 1875
1 10 1875 2500
1 10 2500 3125
1 10 3125 3750
1 10 3750 4375
1 10 4375 5000
1 10 5000 5625
1 10 5625 6250
1 10 6250 6875
1 10 6875 7500
1 10 7500 8125
1 10 8125 8750
1 10 8750 9375
1 10 9375 10000
1 15 0 625
1 15 625 1250
1 15 1250 1875
1 15 1875 2500
1 15 2500 3125
1 15 3125 3750
1 15 3750 4375
1 15 4375 5000
1 15 5000 5625
1 15 5625 6250
1 15 6250 6875
1 15 6875 7500
1 15 7500 8125
1 15 8125 8750
1 15 8750 9375
1 15 9375 10000
1 20 0 625
1 20 625 1250
1 20 1250 1875
1 20 1875 2500
1 20 2500 3125
1 20 3125 3750
1 20 3750 4375
1 20 4375 5000
1 20 5000 5625
1 20 5625 6250
1 20 6250 6875
1 20 6875 7500
1 20 7500 8125
1 20 8125 8750
1 20 8750 9375
1 20 9375 10000
1 25 0 625
1 25 625 1250
1 25 1250 1875
1 25 1875 2500
1 25 2500 3125
1 25 3125 3750
1 25 3750 4375
1 25 4375 5000
1 25 5000 5625
1 25 5625 6250
1 25 6250 6875
1 25 6875 7500
1 25 7500 8125
1 25 8125 8750
1 25 8750 9375
1 25 9375 10000
1 30 0 625
1 30 625 1250
1 30 1250 1875
1 30 1875 2500
1 30 2500 3125
1 30 3125 3750
1 30 3750 4375
1 30 4375 5000
1 30 5000 5625
1 30 5625 6250
1 30 6250 6875
1 30 6875 7500
1 30 7500 8125
1 30 8125 8750
1 30 8750 9375
1 30 9375 10000
1 40 0 625
1 40 625 1250
1 40 1250 1875
1 40 1875 2500
1 40 2500 3125
1 40 3125 3750
1 40 3750 4375
1 40 4375 5000
1 40 5000 5625
1 40 5625 6250
1 40 6250 6875
1 40 6875 7500
1 40 7500 8125
1 40 8125 8750
1 40 8750 9375
1 40 9375 10000