1 8000 0 625
1 8000 625 1250
1 8000 1250 1875
1 8000 1875 2500
1 8000 2500 3125
1 8000 3125 3750
1 8000 3750 4375
1 8000 4375 5000
1 8000 5000 5625
1 8000 5625 6250
1 8000 6250 6875
1 8000 6875 7500
1 8000 7500 8125
1 8000 8125 8750
1 8000 8750 9375
1 8000 9375 10000
1 2000 0 625
1 2000 625 1250
1 2000 1250 1875
1 2000 1875 2500
1 2000 2500 3125
1 2000 3125 3750
1 2000 3750 4375
1 2000 4375 5000
1 2000 5000 5625
1 2000 5625 6250
1 2000 6250 6875
1 2000 6875 7500
1 2000 7500 8125
1 2000 8125 8750
1 2000 8750 9375
1 2000 9375 10000